For grid size N= 26:
Array u:
[ 0.00019625 -0.00019625 -0.00027885  0.00024094  0.00127898  0.00271774
  0.00440237  0.00621235  0.00804542  0.00981321  0.0114304   0.01280947
  0.01386011  0.0144942   0.01463525  0.01423112  0.01326755  0.01178011
  0.00986116  0.00765911  0.00536802  0.00320716  0.00139339  0.00010638
 -0.00054414 -0.00056366 -0.00020975  0.00020975],[-0.00019625  0.00019625  0.00027885 -0.00024094 -0.00127898 -0.00271774
 -0.00440237 -0.00621235 -0.00804542 -0.00981321 -0.0114304  -0.01280947
 -0.01386011 -0.0144942  -0.01463525 -0.01423112 -0.01326755 -0.01178011
 -0.00986116 -0.00765911 -0.00536802 -0.00320716 -0.00139339 -0.00010638
  0.00054414  0.00056366  0.00020975 -0.00020975],[-6.55953774e-05  6.55953774e-05 -5.68809280e-04 -2.52640678e-03
 -5.52138325e-03 -9.36352840e-03 -1.37470663e-02 -1.84044439e-02
 -2.30842368e-02 -2.75545883e-02 -3.15908679e-02 -3.49714525e-02
 -3.74808508e-02 -3.89222486e-02 -3.91376082e-02 -3.80324118e-02
 -3.56007396e-02 -3.19455822e-02 -2.72890094e-02 -2.19671970e-02
 -1.64070571e-02 -1.10831581e-02 -6.45966859e-03 -2.91642341e-03
 -6.85025183e-04  2.48541899e-04  2.01968720e-04 -2.01968720e-04],[ 0.00013358 -0.00013358 -0.0016902  -0.00527333 -0.01023203 -0.01631238
 -0.0230904  -0.03019691 -0.03727343 -0.04398196 -0.04999349 -0.05498731
 -0.05865858 -0.06073645 -0.06101033 -0.05936072 -0.05578962 -0.05044487
 -0.0436324  -0.03581026 -0.02756007 -0.01953269 -0.01237354 -0.00662292
 -0.00264265 -0.00045607  0.000101   -0.000101  ],[ 3.36670920e-04 -3.36670920e-04 -2.86287584e-03 -8.12483444e-03
 -1.50191687e-02 -2.32156401e-02 -3.21794809e-02 -4.14657882e-02
 -5.06397270e-02 -5.92888750e-02 -6.70104394e-02 -7.34134148e-02
 -7.81289571e-02 -8.08315954e-02 -8.12682605e-02 -7.92918863e-02
 -7.48950479e-02 -6.82384125e-02 -5.96679710e-02 -4.97140655e-02
 -3.90656654e-02 -2.85134537e-02 -1.88665380e-02 -1.08313248e-02
 -4.93710468e-03 -1.29406128e-03 -1.48616706e-05  1.48616706e-05],[ 0.00051723 -0.00051723 -0.0039701  -0.01086173 -0.0196155  -0.02981218
 -0.04080655 -0.05209199 -0.06317883 -0.07360512 -0.08291912 -0.09068137
 -0.09647509 -0.09992756 -0.10073942 -0.09871945 -0.09382166 -0.08618051
 -0.07613843 -0.06425744 -0.05130504 -0.03820265 -0.02593878 -0.01542456
 -0.0074155  -0.00216049 -0.00011499  0.00011499],[ 0.00067599 -0.00067599 -0.0049811  -0.01339165 -0.02388104 -0.03593895
 -0.04881504 -0.06195254 -0.07482411 -0.08693857 -0.09781544 -0.10698376
 -0.11398926 -0.11841309 -0.11989897 -0.11818816 -0.11316077 -0.10488076
 -0.0936396  -0.07998882 -0.06474765 -0.04896659 -0.03384307 -0.02055018
 -0.01014593 -0.0030785  -0.00020416  0.00020416],[ 0.00081364 -0.00081364 -0.0058768  -0.01565209 -0.02771043 -0.0414579
 -0.05605089 -0.07089452 -0.08543932 -0.0991825  -0.11163236 -0.12230092
 -0.13070505 -0.13637939 -0.13889927 -0.13791436 -0.13319409 -0.12468445
 -0.11257235 -0.09734724 -0.07984237 -0.06122703 -0.04293594 -0.0264711
 -0.01328895 -0.00411621 -0.00029568  0.00029568],[ 0.00092946 -0.00092946 -0.00663943 -0.01758868 -0.03100784 -0.04623284
 -0.06234352 -0.07872002 -0.09480577 -0.11010273 -0.12412459 -0.13638111
 -0.14637049 -0.15358407 -0.15752229 -0.15772476 -0.1538179  -0.14558272
 -0.13304181 -0.11655633 -0.0969135  -0.07536619 -0.05359676 -0.03350157
 -0.0170525  -0.00536408 -0.00040622  0.00040622],[ 0.00102053 -0.00102053 -0.00724771 -0.01914528 -0.03367518 -0.05011892
 -0.06749873 -0.08518307 -0.10262272 -0.11934012 -0.13487131 -0.14874058
 -0.16044238 -0.16943558 -0.1751497  -0.17700793 -0.17447261 -0.16711974
 -0.15474574 -0.13750205 -0.11603988 -0.09162016 -0.0661446  -0.04195047
 -0.02165856 -0.00692096 -0.00055323  0.00055323],[ 0.00108289 -0.00108289 -0.00767954 -0.02026717 -0.03561617 -0.05296851
 -0.07130745 -0.09000193 -0.10852333 -0.12642968 -0.14329702 -0.15868412
 -0.17210306 -0.18300157 -0.19075698 -0.19468768 -0.19409002 -0.18831083
 -0.17686547 -0.15960507 -0.13692401 -0.10996327 -0.08075328 -0.05207174
 -0.02732204 -0.00888943 -0.00075531  0.00075531],[ 0.00111296 -0.00111296 -0.00791713 -0.02091065 -0.03674994 -0.05464898
 -0.07356833 -0.09288738 -0.11210966 -0.13084284 -0.14872115 -0.16536075
 -0.18031932 -0.19306611 -0.20296172 -0.20925353 -0.21109592 -0.20760898
 -0.1979925  -0.18171188 -0.15876238 -0.12998137 -0.0973523  -0.06400713
 -0.03422975 -0.01137359 -0.00103334  0.00103334],[ 0.001109   -0.001109   -0.00795403 -0.02105738 -0.03703195 -0.05507004
 -0.07412211 -0.09358559 -0.11300595 -0.13205343 -0.15043843 -0.16785909
 -0.18395159 -0.19824877 -0.21014527 -0.21887372 -0.22350061 -0.22295736
 -0.21613044 -0.20204096 -0.18014406 -0.15074683 -0.11551339 -0.07771346
 -0.04251298 -0.01447693 -0.00141215  0.00141215],[ 0.00107291 -0.00107291 -0.00780352 -0.02073207 -0.03647995 -0.05421762
 -0.07289398 -0.09193105 -0.11092537 -0.12962194 -0.14782452 -0.16533766
 -0.18191028 -0.19718547 -0.21065256 -0.22160334 -0.22909858 -0.23195961
 -0.22881247 -0.21822852 -0.19901839 -0.17072388 -0.13433261 -0.09287095
 -0.05220765 -0.01829853 -0.00192288  0.00192288],[ 0.00101213 -0.00101213 -0.00750842 -0.02002289 -0.03520309 -0.05219059
 -0.06993849 -0.08790197 -0.10573991 -0.12328517 -0.14045123 -0.15717114
 -0.17333779 -0.18874874 -0.20304916 -0.21567113 -0.22577077 -0.232174
 -0.23335685 -0.22751141 -0.21277868 -0.18774791 -0.15233623 -0.10877907
 -0.06319827 -0.02292683 -0.0026066   0.0026066 ],[ 0.00094242 -0.00094242 -0.00715325 -0.01910485 -0.03343228 -0.04923586
 -0.06547929 -0.08166711 -0.09753857 -0.11303142 -0.1281853  -0.14308
 -0.15777614 -0.17225994 -0.18638291 -0.19979106 -0.21183921 -0.22149384
 -0.22724185 -0.22705349 -0.21849221 -0.1991246  -0.16745176 -0.12426013
 -0.07514606 -0.0284317  -0.0035211   0.0035211 ],[ 0.00089282 -0.00089282 -0.00688169 -0.01826801 -0.03155096 -0.04577714
 -0.05993503 -0.07361095 -0.08665571 -0.099137   -0.11123884 -0.12320152
 -0.13526671 -0.14762723 -0.16037068 -0.17340809 -0.18637814 -0.19852058
 -0.20852168 -0.21436378 -0.21326089 -0.20186808 -0.17708413 -0.13760167
 -0.08740589 -0.03485587 -0.00475431  0.00475431],[ 0.00091597 -0.00091597 -0.00692526 -0.01795424 -0.03012463 -0.04242992
 -0.05391894 -0.06432017 -0.07364792 -0.08213693 -0.09013719 -0.09805899
 -0.10632661 -0.11533853 -0.12542176 -0.13677051 -0.149356   -0.16279286
 -0.17614656 -0.1876867  -0.19462725 -0.19304019 -0.178304   -0.14656472
 -0.09893882 -0.04220306 -0.00644865  0.00644865],[ 0.00111149 -0.00111149 -0.00765515 -0.01880771 -0.02992401 -0.03998765
 -0.04818925 -0.05450303 -0.05918664 -0.06269313 -0.06556371 -0.06838356
 -0.07175003 -0.07624841 -0.08242304 -0.09073471 -0.10149078 -0.11472953
 -0.1300268  -0.14619975 -0.16087819 -0.17008263 -0.16809467 -0.14845269
 -0.10821803 -0.05040596 -0.00883782  0.00883782],[ 0.00167599 -0.00167599 -0.00967178 -0.02173021 -0.03191071 -0.03933051
 -0.0434911  -0.04477581 -0.0437974  -0.04129065 -0.03801372 -0.03472551
 -0.03217657 -0.03110635 -0.03223562 -0.03624814 -0.04375032 -0.05519337
 -0.07071635 -0.08986724 -0.11108307 -0.13099038 -0.14354246 -0.14017856
 -0.11309778 -0.05922276 -0.01228357  0.01228357],[ 0.00300596 -0.00300596 -0.01395258 -0.0279066  -0.03709845 -0.04112691
 -0.04013107 -0.03514144 -0.02726633 -0.01758764 -0.00709785  0.00328313
  0.01268272  0.02025046  0.02514089  0.02650591  0.02350347  0.01532907
  0.00131359 -0.01888088 -0.04475876 -0.0741953  -0.10183453 -0.11821207
 -0.11056278 -0.06795128 -0.0172569   0.0172569 ],[ 0.00587986 -0.00587986 -0.02199905 -0.03855308 -0.04593622 -0.04492289
 -0.03686757 -0.02375472 -0.00733546  0.01091899  0.02979289  0.04824334
  0.0653264   0.08013723  0.09176663  0.09926854  0.1016418   0.09781834
  0.08670266  0.06724359  0.03882758  0.00188336 -0.03997455 -0.07827272
 -0.09620304 -0.07476102 -0.02409927  0.02409927],[ 0.01172074 -0.01172074 -0.03586123 -0.05391352 -0.05645971 -0.0467121
 -0.02818685 -0.00411722  0.02304153  0.05148887  0.07988248  0.107159
  0.13239905  0.1547307   0.17326187  0.18702824  0.19495773  0.19582589
  0.18825932  0.17067621  0.14155583  0.09954002  0.04577375 -0.01467798
 -0.0631785  -0.07532613 -0.03214492  0.03214492],[ 2.23984612e-02 -2.23984612e-02 -5.62375542e-02 -6.85118493e-02
 -5.83409187e-02 -3.27383126e-02  1.57247913e-03  4.02036327e-02
  8.02841902e-02  1.20014346e-01  1.58210752e-01  1.94018090e-01
  2.26720006e-01  2.55618208e-01  2.79954819e-01  2.98852783e-01
  3.11278704e-01  3.15977834e-01  3.11475582e-01  2.95897578e-01
  2.67203713e-01  2.22559209e-01  1.60656690e-01  8.07209322e-02
 -2.99716006e-04 -6.01916271e-02 -3.72250571e-02  3.72250571e-02],[ 0.03812248 -0.03812248 -0.07633314 -0.05905326 -0.01944702  0.0326549
  0.08815949  0.14317671  0.19567978  0.24474664  0.28993586  0.33098194
  0.36762558  0.39951968  0.42617731  0.44692967  0.46090918  0.46697789
  0.46376107  0.44935239  0.42165835  0.37694037  0.31244841  0.22020051
  0.11170311 -0.00915779 -0.02518711  0.02518711],[ 0.02455676 -0.02455676 -0.02683978  0.06122632  0.14370868  0.22364822
  0.29518026  0.35826614  0.41365301  0.46228432  0.50497229  0.54229692
  0.57458465  0.60191382  0.62413108  0.64085275  0.65148679  0.65516921
  0.65084917  0.63689754  0.6116554   0.57120694  0.51306262  0.42337888
  0.30715035  0.12063149  0.04385355 -0.04385355],[-0.24061837  0.24061837  0.311968    0.47875725  0.57902736  0.64977858
  0.70178662  0.74138775  0.77267837  0.79811122  0.81915576  0.83667798
  0.85115169  0.8627812   0.87157684  0.8773915   0.87996149  0.87887342
  0.8736537   0.86345273  0.84755118  0.82324505  0.78934728  0.73099108
  0.64840425  0.43657701  0.29836334 -0.29836334],[2.24061838 1.75938163 1.688032   1.52124275 1.42097264 1.35022142
 1.29821338 1.25861225 1.22732163 1.20188878 1.18084424 1.16332202
 1.14884831 1.1372188  1.12842316 1.1226085  1.12003851 1.12112658
 1.1263463  1.13654727 1.15244882 1.17675495 1.21065272 1.26900892
 1.35159575 1.56342299 1.70163666 2.29836334]

Array v:
[-1.92508704e-04  1.92511440e-04  5.19191208e-05 -1.26804847e-04
 -2.76127968e-04 -3.71668921e-04 -4.24875793e-04 -4.47141702e-04
 -4.46743181e-04 -4.26759293e-04 -3.86593232e-04 -3.23783809e-04
 -2.36080408e-04 -1.23276348e-04  1.12612247e-05  1.59662965e-04
  3.09397212e-04  4.44178777e-04  5.45957674e-04  5.97875748e-04
  5.87570682e-04  5.10189324e-04  3.70230014e-04  1.83523065e-04
 -2.11347337e-05 -1.84259971e-04 -2.07901008e-04  2.07899474e-04],[ 1.92511440e-04 -1.92511440e-04 -5.19191208e-05  1.26804847e-04
  2.76127968e-04  3.71668921e-04  4.24875793e-04  4.47141702e-04
  4.46743181e-04  4.26759293e-04  3.86593232e-04  3.23783809e-04
  2.36080408e-04  1.23276348e-04 -1.12612247e-05 -1.59662965e-04
 -3.09397212e-04 -4.44178777e-04 -5.45957674e-04 -5.97875748e-04
 -5.87570682e-04 -5.10189324e-04 -3.70230014e-04 -1.83523065e-04
  2.11347337e-05  1.84259971e-04  2.07901008e-04 -2.07901008e-04],[ 0.00028924 -0.00028924  0.00056442  0.00153189  0.00236009  0.00293778
  0.00327847  0.00341319  0.00336966  0.00316116  0.00278946  0.00225195
  0.00155061  0.00070061 -0.00026316 -0.00128272 -0.00227798 -0.00315279
 -0.00380626 -0.00414819 -0.00411627 -0.00369211 -0.00291234 -0.00187716
 -0.00075315  0.0001836   0.00056266 -0.00056266],[-0.00023677  0.00023677  0.00255366  0.0049315   0.00693621  0.00835881
  0.00919873  0.00950238  0.00931791  0.00867242  0.00757534  0.00603278
  0.00406645  0.00173169 -0.00086929 -0.00358163 -0.00620191 -0.00849342
 -0.01021245 -0.01114375 -0.01114037 -0.0101615  -0.00830045 -0.0058028
 -0.00306546 -0.00068412  0.00063163 -0.00063163],[-0.00141723  0.00141723  0.00588075  0.01006726  0.01347755  0.01587014
  0.01725113  0.01768679  0.01724496  0.01596623  0.01387035  0.01097867
  0.00734316  0.00307358 -0.00164298 -0.0065345  -0.01125146 -0.01539127
 -0.01854001 -0.02032931 -0.02050191 -0.01897637 -0.01589714 -0.01166454
 -0.00692549 -0.00260646  0.00025487 -0.00025487],[-0.00324174  0.00324174  0.01058361  0.01699844  0.02203456  0.02549525
  0.02742987  0.02794056  0.02712015  0.02502436  0.02168484  0.01714119
  0.01148041  0.00487316 -0.00240047 -0.00994057 -0.01723655 -0.02369866
 -0.02871361 -0.03172314 -0.03231911 -0.03034204 -0.02596245 -0.01972948
 -0.01255305 -0.00571013 -0.00057953  0.00057953],[-0.00564937  0.00564937  0.01656961  0.02560733  0.03246061  0.03705785
  0.03953823  0.04006441  0.03876478  0.03571357  0.03095417  0.02454244
  0.01659706  0.00734502 -0.00284528 -0.01344859 -0.0237897  -0.03307732
 -0.04046944 -0.04517204 -0.046567   -0.04435407 -0.0386778  -0.03020926
 -0.02012674 -0.01009155 -0.00186935  0.00186935],[-0.0085809   0.0085809   0.02372833  0.035761    0.04461446  0.05041592
  0.05344251  0.05394599  0.05210434  0.04801489  0.04173088  0.03331768
  0.02291436  0.01078927 -0.00261766 -0.01667047 -0.03053616 -0.04321365
 -0.05360183 -0.06061437 -0.06334235 -0.06125115 -0.05437397 -0.04345225
 -0.02993304 -0.01591874 -0.00364791  0.00364791],[-0.01196737  0.01196737  0.0319154   0.04727907  0.05830476  0.06538288
  0.06897419  0.06944909  0.06705103  0.06190577  0.05407325  0.04361744
  0.03067966  0.01554512 -0.00130301 -0.01914572 -0.03701185 -0.05369285
 -0.06780313 -0.07790217 -0.08268986 -0.08126849 -0.07342982 -0.05989422
 -0.04236096 -0.02344819 -0.00599445  0.00599445],[-0.01573055  0.01573055  0.04096052  0.05994523  0.07330015  0.08173229
  0.08592698  0.08640188  0.08348275  0.07733012  0.06800712  0.05556308
  0.04011883  0.02194475  0.00152885 -0.02036739 -0.04266998 -0.06398217
 -0.0826229  -0.09674139 -0.10453459 -0.10457788 -0.09623433 -0.08004847
 -0.05791401 -0.03304338 -0.00904252  0.00904252],[-0.01977948  0.01977948  0.05066546  0.07350455  0.0893225   0.09918399
  0.10403394  0.10456442  0.10120128  0.09414782  0.0834682   0.06918426
  0.05137216  0.03025213  0.00627149 -0.01981831 -0.04689381 -0.07341311
 -0.09741575 -0.11660711 -0.12857505 -0.13117797 -0.12309668 -0.10445137
 -0.07719069 -0.04517486 -0.01298161  0.01298161],[-0.02401101  0.02401101  0.06080737  0.08766679  0.10604706  0.11739832
  0.12295411  0.12360655  0.11990076  0.11209372  0.10025183  0.08436001
  0.06442836  0.04059261  0.0132114  -0.01703506 -0.04904489 -0.0812032
 -0.11132566 -0.1366838  -0.15418232 -0.16076916 -0.15412634 -0.13357666
 -0.10084396 -0.06041195 -0.01805896  0.01805896],[-0.0283137   0.0283137   0.07114716  0.10211458  0.12310708  0.13597498
  0.14226436  0.14309219  0.13914415  0.13074566  0.11797201  0.10076808
  0.07906359  0.0528818   0.02244831 -0.01169176 -0.04854273 -0.08651826
 -0.12331395 -0.15584185 -0.18031597 -0.19261768 -0.18907765 -0.16770623
 -0.12950931 -0.07940205 -0.02458103  0.02458103],[-0.0325762   0.0325762   0.0814457   0.11651977  0.14010614  0.15445976
  0.16146037  0.16247501  0.15835372  0.1495096   0.13603975  0.11785441
  0.09479889  0.06676761  0.03381924 -0.00369413 -0.04497211 -0.08858078
 -0.1322478  -0.17267895 -0.20549202 -0.22544056 -0.22717581 -0.20675684
 -0.16369328 -0.10283335 -0.03291477  0.03291477],[-0.03670077  0.03670077  0.0914891   0.1305691   0.15663909  0.17235988
  0.1799678   0.18110719  0.17681891  0.16762666  0.15366811  0.13483283
  0.11088958  0.08160231  0.04684558  0.00673616 -0.03820089 -0.08681473
 -0.13705275 -0.18564607 -0.22783886 -0.25735433 -0.26695753 -0.25007195
 -0.20361366 -0.1313726  -0.04348801  0.04348801],[-0.04062278  0.04062278  0.10112426  0.14399945  0.17232062  0.18916627
  0.19716162  0.1982599   0.19372085  0.18420309  0.16990671  0.15072086
  0.12635588  0.09645871  0.06072283  0.0190115  -0.02848103 -0.08100149
 -0.13691323 -0.19326106 -0.24526846 -0.2859368  -0.30617897 -0.29620799
 -0.24898883 -0.16556845 -0.05678938  0.05678938],[-0.04433846  0.04433846  0.1103062   0.15664151  0.18681819  0.20437849
  0.21238923  0.21315068  0.20816866  0.19825795  0.18370102  0.16440791
  0.14005434  0.11019535  0.07436561  0.03218545 -0.01649951 -0.07140657
 -0.13148116 -0.19438162 -0.25576144 -0.30843547 -0.34185128 -0.34276676
 -0.29878725 -0.20570938 -0.07337035  0.07337035],[-0.04794596  0.04794596  0.11915859  0.1684674   0.19988026  0.21752112
  0.22498525  0.22496537  0.21923441  0.20877437  0.19396065  0.17473957
  0.15077456  0.12155879  0.08650426  0.04502572 -0.00335373 -0.05883295
 -0.12103428 -0.18847737 -0.25772186 -0.32211688 -0.37044598 -0.38633885
 -0.35096531 -0.25162457 -0.09385564  0.09385564],[-0.0517121   0.0517121   0.12804997  0.17963566  0.21134931  0.22814156
  0.23426926  0.23286598  0.2259765   0.21474065  0.19961918  0.18059607
  0.15733594  0.12929701  0.09581014  0.0561405   0.0095545  -0.04456993
 -0.10652459 -0.17581901 -0.25031684 -0.32469741 -0.38826641 -0.42261122
 -0.40223839 -0.3024137  -0.11896814  0.11896814],[-0.05619077  0.05619077  0.13768367  0.19050658  0.22111889  0.23574534
  0.23948471  0.23594606  0.22741562  0.21514709  0.19965089  0.18092927
  0.15864677  0.13224425  0.10100992  0.0641226   0.02068345 -0.0302357
 -0.08947983 -0.157509   -0.23369724 -0.31475256 -0.39192337 -0.44665137
 -0.44793166 -0.35608375 -0.14956127  0.14956127],[-0.06243201  0.06243201  0.14917234  0.20159045  0.22901776  0.23967696
  0.23970294  0.23316327  0.22249209  0.20896243  0.19306271  0.17476963
  0.15372971  0.12937244  0.10097393  0.06768658  0.0285449  -0.0175365
 -0.07175557 -0.13530969 -0.20901171 -0.29199206 -0.3788168  -0.45333207
 -0.48194475 -0.4090549  -0.18660099  0.18660099],[-0.07241461  0.07241461  0.16406376  0.21325913  0.23437803  0.2386861
  0.23345082  0.22304342  0.20983999  0.19496586  0.17877328  0.16114548
  0.14167928  0.11978994  0.09476453  0.06578079  0.03189662 -0.00798236
 -0.05517438 -0.11127685 -0.17817624 -0.25732763 -0.34754846 -0.43786182
 -0.49686739 -0.45550191 -0.23094047  0.23094047],[-0.08944136  0.08944136  0.18373449  0.22499587  0.23544765  0.23057586
  0.21855782  0.20366533  0.18786004  0.17187455  0.15577438  0.13926655
  0.12186141  0.10295534  0.08186655  0.05784238  0.03003824 -0.0025263
 -0.04108064 -0.08725527 -0.1434369  -0.21273595 -0.29826313 -0.39644865
 -0.48431163 -0.48650772 -0.28249748  0.28249748],[-0.12034611  0.12034611  0.2086402   0.23306203  0.22682379  0.2100179
  0.19053418  0.17156007  0.15403472  0.13796742  0.12297624  0.10852538
  0.09402381  0.07886293  0.06242389  0.04406934  0.02311438 -0.00121689
 -0.02991351 -0.0643416  -0.10678431 -0.16090337 -0.23291351 -0.3272288
 -0.43562789 -0.48887437 -0.33757059  0.33757059],[-0.16693674  0.16693674  0.22963668  0.22678252  0.19980659  0.17118497
  0.14616889  0.1254958   0.10853184  0.09436442  0.08212455  0.0710577
  0.06051767  0.04994202  0.03882463  0.02669078  0.01306298 -0.00257551
 -0.02088809 -0.04280576 -0.07005727 -0.1057053  -0.15669083 -0.2330509
 -0.34475067 -0.44551445 -0.38526912  0.38526912],[-0.25706728  0.25706728  0.22305582  0.17308277  0.1302172   0.09889456
  0.07712535  0.06178496  0.05065302  0.04223258  0.0355184   0.02982227
  0.0246547   0.01964985  0.0145184   0.00901727  0.00292336 -0.00399071
 -0.01201765 -0.02158753 -0.03360075 -0.04980074 -0.07511566 -0.11987712
 -0.20826027 -0.33509577 -0.39389888  0.39389888],[-0.16349854  0.16349854  0.11612494  0.07534615  0.04786666  0.03038455
  0.01990741  0.01362698  0.00977594  0.0073079   0.0056138   0.00433957
  0.0032752   0.00229128  0.00130378  0.00025434 -0.00090135 -0.00220352
 -0.00370229 -0.00548326 -0.00775565 -0.01097421 -0.01662203 -0.02801586
 -0.05712285 -0.11721695 -0.18162253  0.18162253],[ 0.16349855 -0.16349854 -0.11612494 -0.07534615 -0.04786666 -0.03038455
 -0.01990741 -0.01362698 -0.00977594 -0.0073079  -0.0056138  -0.00433957
 -0.0032752  -0.00229128 -0.00130378 -0.00025434  0.00090135  0.00220352
  0.00370229  0.00548326  0.00775565  0.01097421  0.01662203  0.02801586
  0.05712285  0.11721695  0.18162253 -0.18162253]

Array p:
[-0.00718365 -0.00718356 -0.00760781 -0.00817461 -0.00875432 -0.00920476
 -0.00947443 -0.0095327  -0.00936803 -0.00897494 -0.00835334 -0.00751076
 -0.00646722 -0.00526023 -0.00394815 -0.00261047 -0.00134348 -0.00025127
  0.00056786  0.00103756  0.00111939  0.00082524  0.00022248 -0.00056665
 -0.00137972 -0.00202401 -0.00228397 -0.00228394],[-0.00718356 -0.00718356 -0.00760781 -0.00817461 -0.00875432 -0.00920476
 -0.00947443 -0.0095327  -0.00936803 -0.00897494 -0.00835334 -0.00751076
 -0.00646722 -0.00526023 -0.00394815 -0.00261047 -0.00134348 -0.00025127
  0.00056786  0.00103756  0.00111939  0.00082524  0.00022248 -0.00056665
 -0.00137972 -0.00202401 -0.00228397 -0.00228397],[-6.76870229e-03 -6.76870229e-03 -7.20815064e-03 -7.59927730e-03
 -8.00195194e-03 -8.30157981e-03 -8.47506079e-03 -8.49569829e-03
 -8.35178496e-03 -8.03517732e-03 -7.54311792e-03 -6.87963098e-03
 -6.05935299e-03 -5.11098248e-03 -4.07986946e-03 -3.02793384e-03
 -2.03035059e-03 -1.16809723e-03 -5.17134221e-04 -1.35275621e-04
 -4.97966238e-05 -2.48148860e-04 -6.76304012e-04 -1.24044631e-03
 -1.82795724e-03 -2.30057920e-03 -2.54824799e-03 -2.54824799e-03],[-0.00617014 -0.00617014 -0.00683642 -0.00723739 -0.00763302 -0.00790584
 -0.00806307 -0.00808726 -0.00797199 -0.00770921 -0.00729325 -0.00672316
 -0.00600706 -0.00516645 -0.00423923 -0.00328075 -0.00236099 -0.00155788
 -0.0009465  -0.00058588 -0.0005061  -0.00069867 -0.00111581 -0.00167093
 -0.00227047 -0.00277121 -0.00317908 -0.00317908],[-0.00553842 -0.00553842 -0.006477   -0.00691463 -0.00733004 -0.00759673
 -0.00775598 -0.00780053 -0.00773013 -0.00753622 -0.00720909 -0.00674077
 -0.00613095 -0.00539201 -0.00455365 -0.00366478 -0.00279213 -0.00201394
 -0.00140935 -0.00104418 -0.00095692 -0.00114735 -0.00157605 -0.00216176
 -0.00282791 -0.00340923 -0.00404991 -0.00404991],[-0.00505362 -0.00505362 -0.00628105 -0.00678443 -0.00725389 -0.00754746
 -0.00773809 -0.00782712 -0.00781933 -0.00770469 -0.00746794 -0.00709279
 -0.00656893 -0.00589898 -0.00510432 -0.00422913 -0.00333997 -0.00252064
 -0.00186106 -0.00144184 -0.00131755 -0.00150217 -0.00196681 -0.00263161
 -0.00342955 -0.00415189 -0.0050828  -0.0050828 ],[-0.00483907 -0.00483907 -0.0063413  -0.00691801 -0.0074558  -0.00779608
 -0.00804064 -0.00819714 -0.00827362 -0.00825672 -0.00812405 -0.00784896
 -0.00740939 -0.006796   -0.00602045 -0.00512106 -0.00416487 -0.00324355
 -0.00246284 -0.00192539 -0.00171083 -0.00185583 -0.00234803 -0.00310898
 -0.00407727 -0.00498248 -0.00625165 -0.00625165],[-0.00500707 -0.00500707 -0.00675776 -0.00740858 -0.00802274 -0.00842667
 -0.00874733 -0.00899662 -0.0091836  -0.00928982 -0.00928372 -0.00912633
 -0.0087811  -0.00822395 -0.00745333 -0.00649897 -0.00542642 -0.00433595
 -0.00335297 -0.00261011 -0.00222318 -0.00226398 -0.00274707 -0.00359918
 -0.00476333 -0.00588799 -0.00755423 -0.00755423],[-0.00565244 -0.00565244 -0.00761659 -0.00833772 -0.00903221 -0.00951486
 -0.00993428 -0.01030488 -0.01063499 -0.01089931 -0.01105543 -0.01104957
 -0.01082758 -0.01034612 -0.00958526 -0.00856021 -0.00733028 -0.00600166
 -0.00472141 -0.00365977 -0.00298235 -0.00281348 -0.00321177 -0.00411941
 -0.00548777 -0.00686292 -0.00900324 -0.00900324],[-0.00685619 -0.00685619 -0.00899272 -0.0097786  -0.01055603 -0.01113268
 -0.0116754  -0.01220013 -0.0127132  -0.01318154 -0.01355033 -0.01374877
 -0.01370129 -0.01333985 -0.01261856 -0.01152943 -0.01011644 -0.00848505
 -0.00680201 -0.00528113 -0.004153   -0.00361754 -0.00380377 -0.0046893
 -0.00624649 -0.0078956  -0.01060928 -0.01060928],[-0.00868198 -0.00868198 -0.01094508 -0.01178931 -0.01265165 -0.01333791
 -0.01402999 -0.01474529 -0.0154878  -0.01621651 -0.01686354 -0.01733924
 -0.01754294 -0.01737557 -0.01675622 -0.01564172 -0.01404743 -0.0120654
 -0.00987419 -0.0077323  -0.00594943 -0.00482914 -0.00460815 -0.00533411
 -0.00702697 -0.00895864 -0.01236701 -0.01236701],[-0.01117236 -0.01117236 -0.01351327 -0.0144086  -0.01535657 -0.0161666
 -0.01703321 -0.01797603 -0.01899761 -0.02004993 -0.02105258 -0.02189613
 -0.02245182 -0.02258358 -0.02216558 -0.02110551 -0.01937241 -0.01702585
 -0.01423955 -0.01130906 -0.00863152 -0.00664326 -0.00573704 -0.00608426
 -0.00780111 -0.00999584 -0.0142388  -0.0142388 ],[-0.0143447  -0.0143447  -0.01671459 -0.01765207 -0.01868266 -0.01962517
 -0.0206852  -0.02188689 -0.02323327 -0.02467179 -0.0261111  -0.0274227
 -0.02844821 -0.0290099  -0.02892809 -0.02804699 -0.02626916 -0.02359655
 -0.02017159 -0.01630616 -0.01248031 -0.00928596 -0.00732647 -0.00697245
 -0.008516   -0.01090603 -0.01613452 -0.01613452],[-0.01818864 -0.01818864 -0.02054328 -0.02151033 -0.02261273 -0.02368411
 -0.02494204 -0.0264186  -0.02812111 -0.02999582 -0.03194374 -0.03381924
 -0.03543493 -0.0365692  -0.03698229 -0.03644292 -0.03476758 -0.03187251
 -0.02783381 -0.02294364 -0.01774044 -0.0129767  -0.00951605 -0.00802145
 -0.00907919 -0.01152054 -0.01788384 -0.01788384],[-0.02266663 -0.02266663 -0.02497303 -0.02595052 -0.02709971 -0.02827475
 -0.02970927 -0.03144935 -0.03351144 -0.03584547 -0.03834844 -0.04086117
 -0.04316944 -0.04500863 -0.04607674 -0.04605988 -0.04467353 -0.04172239
 -0.03717748 -0.03126232 -0.02452528 -0.01785443 -0.01239995 -0.00921437
 -0.00933356 -0.0115714  -0.01919707 -0.01919707],[-0.02771892 -0.02771892 -0.02996454 -0.03092191 -0.03207003 -0.03328955
 -0.03484073 -0.03679198 -0.03917598 -0.041951   -0.0450143  -0.04819632
 -0.05125957 -0.05389941 -0.05575381 -0.05642549 -0.0555221  -0.05271906
 -0.04784824 -0.04101093 -0.03269681 -0.02386742 -0.0159417  -0.01043733
 -0.00901539 -0.01064673 -0.01960962 -0.01960962],[-0.03327514 -0.03327514 -0.0354793  -0.03636667 -0.0374303  -0.0385866
 -0.04014167 -0.04219902 -0.04481534 -0.04796208 -0.05153896 -0.05536837
 -0.0591919  -0.06266881 -0.06538181 -0.06685529 -0.06659135 -0.06413069
 -0.05914507 -0.05156815 -0.04175533 -0.03064798 -0.0198575  -0.0113894
 -0.00768778 -0.00812942 -0.01840289 -0.01840289],[-0.03927538 -0.03927538 -0.04150207 -0.04223564 -0.04307776 -0.04399696
 -0.04537791 -0.04737552 -0.05007944 -0.05347623 -0.05746778 -0.06186677
 -0.06639376 -0.07067367 -0.07423893 -0.07654321 -0.07699214 -0.07499847
 -0.07007047 -0.06194905 -0.05079229 -0.03741658 -0.02349496 -0.01146673
 -0.00464353 -0.00311489 -0.01448967 -0.01448967],[-0.04570846 -0.04570846 -0.0480737  -0.04850781 -0.04890823 -0.04932991
 -0.05028345 -0.05199517 -0.05459339 -0.05807759 -0.06234528 -0.06719298
 -0.07231481 -0.07729928 -0.08163007 -0.08469645 -0.08581821 -0.08429397
 -0.07948021 -0.07092481 -0.05855445 -0.04297413 -0.02575853 -0.00965107
  0.00121846  0.0056964  -0.00624539 -0.00624539],[-0.05268545 -0.05268545 -0.0553407  -0.0552164  -0.05482808 -0.05438383
 -0.05457928 -0.05572915 -0.05799868 -0.06138865 -0.06577832 -0.07093425
 -0.07651325 -0.0820596  -0.08700485 -0.09067513 -0.09231122 -0.09111061
 -0.08629538 -0.07723848 -0.06363267 -0.04582698 -0.02514457 -0.00445952
  0.01151471  0.02013347  0.00874148  0.00874148],[-0.06059912 -0.06059912 -0.0636314  -0.06247067 -0.06073899 -0.05892625
 -0.05796147 -0.05824939 -0.05997006 -0.06309977 -0.06747438 -0.07280975
 -0.0787086  -0.08465882 -0.09003132 -0.09408475 -0.09598073 -0.09482141
 -0.08970634 -0.07985445 -0.06473856 -0.04444989 -0.01993656  0.00596755
  0.02842559  0.04270467  0.03402777  0.03402777],[-0.07044644 -0.07044644 -0.07354068 -0.07050136 -0.06657959 -0.06275916
 -0.06018666 -0.05932266 -0.06030988 -0.06305575 -0.0673175  -0.07273345
 -0.07883276 -0.08503241 -0.09063217 -0.09481552 -0.09665905 -0.09516704
 -0.08931547 -0.07817783 -0.06100942 -0.03765892 -0.00858943  0.02354526
  0.05453111  0.07668332  0.07477722  0.07477722],[-0.08479739 -0.08479739 -0.08619637 -0.07964605 -0.07214785 -0.0655024
 -0.06086341 -0.05862837 -0.05879267 -0.0611235  -0.06525203 -0.07070961
 -0.07693324 -0.0832578  -0.08890457 -0.09297674 -0.09446066 -0.0922569
 -0.0852059  -0.07222435 -0.05231483 -0.02507019  0.00968984  0.04961339
  0.0922626   0.12595049  0.13833269  0.13833269],[-0.10876007 -0.10876007 -0.10277775 -0.0904191  -0.07754137 -0.06721197
 -0.06009559 -0.05634393 -0.05566389 -0.0575999  -0.06160879 -0.06708855
 -0.07337165 -0.07970657 -0.08523669 -0.08898826 -0.08986003 -0.08664965
 -0.07804945 -0.06279598 -0.03956036 -0.00760137  0.03419619  0.08394436
  0.142785    0.1943447   0.23520267  0.23520267],[-0.15947903 -0.15947903 -0.12645005 -0.10241603 -0.08079041 -0.06565916
 -0.05591388 -0.05091393 -0.04977262 -0.05167026 -0.05583649 -0.06152653
 -0.06797877 -0.07437452 -0.07980216 -0.08323561 -0.08351044 -0.07934344
 -0.06928743 -0.05188703 -0.02539192  0.01142219  0.0611031   0.12263086
  0.20337175  0.28242804  0.37834984  0.37834984],[-0.24571827 -0.24571827 -0.15250276 -0.11558572 -0.08334715 -0.06314731
 -0.05104792 -0.04511592 -0.04376741 -0.04578182 -0.05017185 -0.05607455
 -0.06266254 -0.0690784  -0.07438404 -0.07753075 -0.07732265 -0.07242835
 -0.06129018 -0.04227067 -0.01314672  0.02795794  0.08560025  0.16050118
  0.26874062  0.38620625  0.59177189  0.59177189],[-0.50549113 -0.50549113 -0.17471914 -0.09541118 -0.05417781 -0.03445956
 -0.02626546 -0.02431588 -0.02631064 -0.03098128 -0.03746402 -0.04504547
 -0.05302879 -0.06066197 -0.06709221 -0.07134115 -0.07227308 -0.06860316
 -0.05880269 -0.04120437 -0.01342047  0.02697211  0.0863525   0.16982931
  0.30947445  0.50311199  0.95578127  0.95578127],[-0.50549109 -0.50549113 -0.17471914 -0.09541118 -0.05417781 -0.03445956
 -0.02626546 -0.02431588 -0.02631064 -0.03098128 -0.03746402 -0.04504547
 -0.05302879 -0.06066197 -0.06709221 -0.07134115 -0.07227308 -0.06860316
 -0.05880269 -0.04120437 -0.01342047  0.02697211  0.0863525   0.16982931
  0.30947445  0.50311199  0.95578127  0.95578105]
