For grid size N= 16:
Array u:
[ 0.00050801 -0.00050802  0.0003311   0.00334057  0.00730956  0.01187406
  0.01626786  0.02007137  0.02265306  0.02346402  0.02207909  0.01841701
  0.01305272  0.00701952  0.00201759 -0.0007787  -0.00081086  0.00081086],[-0.00050802  0.00050802 -0.0003311  -0.00334057 -0.00730956 -0.01187406
 -0.01626786 -0.02007137 -0.02265306 -0.02346402 -0.02207909 -0.01841701
 -0.01305272 -0.00701952 -0.00201759  0.0007787   0.00081086 -0.00081086],[ 0.00018565 -0.00018565 -0.00426594 -0.01258348 -0.02256281 -0.03347615
 -0.04370629 -0.05221964 -0.05769636 -0.05908857 -0.05570232 -0.0475396
 -0.03576278 -0.0223276  -0.01041133 -0.00219757  0.00048631 -0.00048631],[ 0.00089832 -0.00089832 -0.00824626 -0.02163644 -0.03690427 -0.05312815
 -0.06809129 -0.08040627 -0.08833336 -0.09051432 -0.08602393 -0.07475512
 -0.05803516 -0.03821443 -0.01965691 -0.00553878  0.00018427 -0.00018427],[ 1.56598964e-03 -1.56598964e-03 -1.19751183e-02 -2.99664511e-02
 -4.98174852e-02 -7.05591696e-02 -8.95846330e-02 -1.05385347e-01
 -1.15984920e-01 -1.19785365e-01 -1.15517950e-01 -1.02641401e-01
 -8.21770879e-02 -5.63667180e-02 -3.06688736e-02 -9.49980962e-03
 -8.61940305e-05  8.61940305e-05],[ 0.00207842 -0.00207842 -0.01504094 -0.03694063 -0.06069555 -0.08537689
 -0.10816015 -0.12757703 -0.14153213 -0.14819227 -0.14578663 -0.13299938
 -0.11005016 -0.07849904 -0.0447071  -0.01457943 -0.00036195  0.00036195],[ 0.00244771 -0.00244771 -0.01731086 -0.04214775 -0.06886716 -0.09666047
 -0.12267727 -0.14564413 -0.16349446 -0.17423163 -0.17552881 -0.16506718
 -0.14176095 -0.10569545 -0.06339924 -0.02192835 -0.00094215  0.00094215],[ 0.00263445 -0.00263445 -0.01856729 -0.0450914  -0.07349116 -0.10313241
 -0.13132918 -0.15715555 -0.17878176 -0.19425364 -0.20084271 -0.19526234
 -0.17476857 -0.13710814 -0.0875537  -0.03278398 -0.00225679  0.00225679],[ 0.00266053 -0.00266053 -0.01876949 -0.04549458 -0.07383984 -0.103388
 -0.13182171 -0.15872752 -0.18279534 -0.20248059 -0.21506557 -0.2167193
 -0.20303286 -0.16883393 -0.11617857 -0.04837714 -0.0050699   0.0050699 ],[ 0.00261505 -0.00261505 -0.01806864 -0.04339343 -0.06956456 -0.09642179
 -0.12222665 -0.14721926 -0.17091298 -0.19263537 -0.21028971 -0.22035955
 -0.21729071 -0.1932416  -0.14508034 -0.06911439 -0.0105376   0.0105376 ],[ 0.00290083 -0.00290083 -0.01742047 -0.03993971 -0.06153385 -0.0824725
 -0.10195011 -0.12097    -0.14011214 -0.15996938 -0.1796525  -0.19711811
 -0.20670908 -0.19951039 -0.16593141 -0.09298055 -0.01992788  0.01992788],[ 0.00415532 -0.00415532 -0.0180867  -0.03667522 -0.05134954 -0.06300686
 -0.07227916 -0.08093784 -0.09072676 -0.10366334 -0.12032532 -0.14129048
 -0.16205653 -0.17582642 -0.16668614 -0.1135336  -0.03342282  0.03342282],[ 0.0086754  -0.0086754  -0.02444811 -0.03784031 -0.04261587 -0.040705
 -0.03543491 -0.02921431 -0.0248857  -0.0257124  -0.03338521 -0.0517886
 -0.07820313 -0.11232631 -0.13365091 -0.1192462  -0.04784258  0.04784258],[ 0.01756752 -0.01756752 -0.03702983 -0.04237315 -0.03360604 -0.01334675
  0.01076348  0.03590436  0.05827309  0.07362761  0.08007816  0.07032724
  0.04641749 -0.00223498 -0.05282664 -0.09429285 -0.05394677  0.05394677],[ 0.04156074 -0.04156074 -0.0676019  -0.04461494 -0.00929769  0.04001711
  0.0891762   0.13669809  0.17886321  0.21110846  0.23276303  0.23323737
  0.21702315  0.16012828  0.08875143 -0.02073493 -0.03453905  0.03453905],[ 0.03801874 -0.03801874 -0.03156697  0.04659567  0.11877835  0.19825871
  0.2689266   0.33220608  0.38624639  0.42687061  0.4560955   0.46071921
  0.45123712  0.39139813  0.31963605  0.14159346  0.04916779 -0.04916779],[-0.20505527  0.20505527  0.27603873  0.44593517  0.53836265  0.61613269
  0.67401531  0.71946935  0.75504026  0.77885982  0.79466455  0.79109467
  0.78070347  0.72389062  0.66780867  0.44570707  0.28322487 -0.28322487],[2.2050553  1.79494473 1.72396127 1.55406483 1.46163735 1.38386731
 1.32598469 1.28053065 1.24495974 1.22114018 1.20533545 1.20890533
 1.21929653 1.27610938 1.33219133 1.55429293 1.71677513 2.28322488]

Array v:
[-4.81598296e-04  4.81603606e-04 -2.01853516e-04 -6.49647977e-04
 -9.44970750e-04 -1.03069987e-03 -1.00636646e-03 -8.40145505e-04
 -5.16112161e-04 -2.06929979e-05  5.80762941e-04  1.15258303e-03
  1.47454255e-03  1.39232609e-03  7.84795003e-04 -1.95435934e-05
 -7.10349552e-04  7.10342655e-04],[ 4.81603606e-04 -4.81603606e-04  2.01853516e-04  6.49647977e-04
  9.44970750e-04  1.03069987e-03  1.00636646e-03  8.40145505e-04
  5.16112161e-04  2.06929979e-05 -5.80762941e-04 -1.15258303e-03
 -1.47454255e-03 -1.39232609e-03 -7.84795003e-04  1.95435934e-05
  7.10349552e-04 -7.10349552e-04],[-0.00028292  0.00028292  0.00396391  0.0064444   0.00789108  0.0081424
  0.00743968  0.0057175   0.0029922  -0.00059471 -0.00456044 -0.0081043
 -0.01017021 -0.00998332 -0.00716534 -0.00303633  0.00090745 -0.00090745],[-0.00368197  0.00368197  0.01267459  0.01852175  0.021589    0.02178674
  0.01946838  0.0145937   0.00729662 -0.00192956 -0.01190644 -0.0207843
 -0.02624362 -0.02643603 -0.02049655 -0.01086805 -0.00078937  0.00078937],[-0.00922238  0.00922238  0.0252257   0.03502585  0.03965824  0.03944299
  0.03490534  0.02606882  0.01318509 -0.00291128 -0.02037593 -0.03627748
 -0.04684881 -0.04868608 -0.03980455 -0.02329872 -0.00424961  0.00424961],[-0.01682012  0.01682012  0.04158773  0.05599617  0.06223791  0.06139986
  0.05426293  0.04093507  0.02170652 -0.0023736  -0.02895789 -0.05408521
 -0.07234565 -0.07805137 -0.06700052 -0.04194836 -0.00995054  0.00995054],[-0.02591952  0.02591952  0.06081243  0.0803405   0.08828417  0.08684844
  0.07717208  0.05944572  0.03383837  0.00134949 -0.03552903 -0.07207775
 -0.10125835 -0.11433567 -0.10333143 -0.06853091 -0.01862014  0.01862014],[-0.03606557  0.03606557  0.08206302  0.10709981  0.11688552  0.11506405
  0.10323998  0.08169189  0.0502843   0.00964749 -0.03807109 -0.08789102
 -0.13153947 -0.15676826 -0.15015876 -0.10570569 -0.03193954  0.03193954],[-0.04659203  0.04659203  0.10411936  0.13480994  0.14650001  0.14457098
  0.13121278  0.10685318  0.0709179   0.02338341 -0.03450155 -0.09822365
 -0.15923265 -0.20205437 -0.20686047 -0.15579026 -0.05239847  0.05239847],[-0.05697507  0.05697507  0.12574881  0.1616801   0.17488698  0.17286256
  0.15850617  0.13254293  0.09392659  0.04183077 -0.02388959 -0.10002111
 -0.1792545  -0.2442613  -0.26960209 -0.21966009 -0.08364196  0.08364196],[-0.06674408  0.06674408  0.14570838  0.18588441  0.19968816  0.19717737
  0.18203763  0.15554495  0.1163025   0.06278101 -0.00680903 -0.09120993
 -0.18615634 -0.27489705 -0.32974256 -0.29413188 -0.12975322  0.12975322],[-0.07703606  0.07703606  0.1635945   0.20539021  0.2173588   0.21306717
  0.19679416  0.17055052  0.13270921  0.08133092  0.01308953 -0.07284522
 -0.17677108 -0.28545217 -0.37489704 -0.3702789  -0.19407113  0.19407113],[-0.08826694  0.08826694  0.17875094  0.21898814  0.2261754   0.21842638
  0.20019868  0.17435419  0.1391852   0.09279033  0.03084386 -0.04884101
 -0.15152742 -0.26975086 -0.39083539 -0.43147638 -0.27430975  0.27430975],[-0.11192378  0.11192378  0.19324191  0.22351493  0.21938246  0.20546362
  0.18455204  0.15961598  0.12860129  0.08981449  0.03860789 -0.02728122
 -0.11678758 -0.22841372 -0.36790522 -0.45907189 -0.36160323  0.36160323],[-0.13960239  0.13960239  0.20260682  0.21680506  0.19758105  0.17580067
  0.15193423  0.12816516  0.1020738   0.07215089  0.03405346 -0.01342306
 -0.07997161 -0.166728   -0.29950329 -0.42638253 -0.42270209  0.42270209],[-0.23991693  0.23991693  0.1900575   0.16596525  0.12950149  0.1045615
  0.08469074  0.06804237  0.05210406  0.03535651  0.01488381 -0.00975575
 -0.04588823 -0.09421116 -0.1919093  -0.32757336 -0.43670208  0.43670208],[-0.17568016  0.17568016  0.10851889  0.07753586  0.05001028  0.03309745
  0.02245754  0.01534428  0.01004033  0.0054158   0.00031589 -0.00541626
 -0.01472465 -0.0266643  -0.05746206 -0.11401393 -0.20357128  0.20357128],[ 0.17568019 -0.17568016 -0.10851889 -0.07753586 -0.05001028 -0.03309745
 -0.02245754 -0.01534428 -0.01004033 -0.0054158  -0.00031589  0.00541626
  0.01472465  0.0266643   0.05746206  0.11401393  0.20357128 -0.20357129]

Array p:
[-0.0065281  -0.00652805 -0.00764856 -0.00822687 -0.00874772 -0.00860698
 -0.00802657 -0.00683304 -0.00514852 -0.00306294 -0.00090319  0.00098247
  0.00208074  0.00227546  0.00136382  0.00021574 -0.00092206 -0.00092202],[-0.00652805 -0.00652805 -0.00764856 -0.00822687 -0.00874772 -0.00860698
 -0.00802657 -0.00683304 -0.00514852 -0.00306294 -0.00090319  0.00098247
  0.00208074  0.00227546  0.00136382  0.00021574 -0.00092206 -0.00092206],[-0.00546692 -0.00546692 -0.00666115 -0.00687265 -0.00724461 -0.00708036
 -0.00670877 -0.00590435 -0.0047758  -0.00333558 -0.00182367 -0.00045631
  0.00034018  0.00056285 -0.00011805 -0.00081599 -0.00197986 -0.00197986],[-4.73549511e-03 -4.73549511e-03 -6.50375792e-03 -6.69788600e-03
 -7.19439702e-03 -7.10739053e-03 -6.88671410e-03 -6.23467092e-03
 -5.23911317e-03 -3.85879470e-03 -2.32210737e-03 -8.49581349e-04
  3.64109598e-05  3.21434753e-04 -5.59853581e-04 -1.40596297e-03
 -3.32057730e-03 -3.32057730e-03],[-0.00430158 -0.00430158 -0.00661025 -0.00676651 -0.00741955 -0.00747992
 -0.00752105 -0.00715154 -0.00641417 -0.00518169 -0.00363715 -0.00198428
 -0.00086301 -0.00032826 -0.00133266 -0.00228501 -0.00518353 -0.00518353],[-0.00491161 -0.00491161 -0.00774165 -0.0079478  -0.00885018 -0.00915715
 -0.00953129 -0.00947743 -0.0089679  -0.007772   -0.00600214 -0.00385008
 -0.00211597 -0.00097623 -0.00195796 -0.00300535 -0.00729291 -0.00729291],[-0.00673632 -0.00673632 -0.00995755 -0.01025044 -0.01145609 -0.01213801
 -0.01300757 -0.01346878 -0.01338054 -0.01236381 -0.01037057 -0.00752144
 -0.00474063 -0.00241736 -0.00290446 -0.00374163 -0.00983837 -0.00983837],[-0.01012266 -0.01012266 -0.01360026 -0.01404545 -0.01562383 -0.01684013
 -0.01840532 -0.01964671 -0.02026509 -0.01969035 -0.01758511 -0.01389895
 -0.00953949 -0.00519759 -0.00431997 -0.00428229 -0.01261719 -0.01261719],[-0.01515325 -0.01515325 -0.01871221 -0.01932328 -0.02127834 -0.02316489
 -0.02564255 -0.02801593 -0.02978213 -0.03015033 -0.02832509 -0.02394398
 -0.0175751  -0.01023665 -0.00659325 -0.00442843 -0.0150887  -0.0150887 ],[-0.02180545 -0.02180545 -0.02528512 -0.02605507 -0.0283239  -0.03095399
 -0.03448341 -0.03828787 -0.0416275  -0.04351729 -0.04254635 -0.03793721
 -0.0294032  -0.01822725 -0.00989547 -0.00369016 -0.01578505 -0.01578505],[-0.03005694 -0.03005694 -0.03315864 -0.03379068 -0.03594331 -0.03911216
 -0.043583   -0.04892943 -0.05411634 -0.05804492 -0.05855865 -0.05449204
 -0.04406194 -0.02875928 -0.01350295 -0.00083748 -0.01156043 -0.01156043],[-0.0394291  -0.0394291  -0.04190738 -0.04215808 -0.04364116 -0.04701028
 -0.05205415 -0.0587202  -0.0655959  -0.07161349 -0.07378498 -0.07081089
 -0.05881474 -0.03972232 -0.0153649   0.00627737  0.0024108   0.0024108 ],[-0.05176056 -0.05176056 -0.0516291  -0.05023905 -0.04936986 -0.05208574
 -0.05699925 -0.06457276 -0.07276117 -0.0806095  -0.08414558 -0.0823136
 -0.06863591 -0.04621555 -0.01061328  0.02258433  0.03407526  0.03407526],[-0.06460588 -0.06460588 -0.0607884  -0.05793274 -0.05389174 -0.05560953
 -0.05975657 -0.06757512 -0.07619231 -0.08486511 -0.08845989 -0.08658897
 -0.06975659 -0.04364628  0.00543354  0.05185937  0.09075665  0.09075665],[-0.098699   -0.098699   -0.0709739  -0.0633155  -0.05190779 -0.05172027
 -0.05477882 -0.0629087  -0.07191116 -0.08109701 -0.08399573 -0.08097119
 -0.05902259 -0.02727962  0.04027343  0.10566874  0.19553611  0.19553611],[-1.29220410e-01 -1.29220410e-01 -7.88281472e-02 -7.08812973e-02
 -5.37932847e-02 -5.17823230e-02 -5.29673172e-02 -6.01318483e-02
 -6.79783304e-02 -7.58463266e-02 -7.59948092e-02 -6.95811903e-02
 -4.00753100e-02 -2.99649644e-04  8.97273479e-02  1.72401138e-01
  3.42034770e-01  3.42034770e-01],[-0.31893987 -0.31893987 -0.07461882 -0.05577053 -0.02725574 -0.02700795
 -0.03149344 -0.04171088 -0.05214972 -0.06184296 -0.06312357 -0.0567297
 -0.02408003  0.02395712  0.14585966  0.27881328  0.65734488  0.65734488],[-0.31893983 -0.31893987 -0.07461882 -0.05577053 -0.02725574 -0.02700795
 -0.03149344 -0.04171088 -0.05214972 -0.06184296 -0.06312357 -0.0567297
 -0.02408003  0.02395712  0.14585966  0.27881328  0.65734488  0.65734467]
